0, 6, 8, 12, 28, 59, 67, 73, 74, 80, 87, 100, 105, 107, 108, 124, 130, 134, 141, 142,
148, 154, 156, 160, 163, 164,
171, 182, 191, 199, 209, 223, 232, 240, 255, 259,
262, 264, 266, 267, 277, 278, 282, 284, 287, 292,
30, 33, 36, 47, 50, 52, 53, 57, 61, 68, 79, 84, 85, 88, 89, 93, 96, 102, 106, 110,
1, 2, 10, 48, 54, 180, 185, 385, 391, 396, 510, 629, 637, 638, 654, 680, 801, 802,
378, 379, 380, 389, 393, 394, 395, 399, 403, 405, 406, 409, 411, 414, 415, 417, 418, 427, 428, 432,
297, 298, 300, 301, 308, 311, 312, 313, 315, 316, 320, 321, 322, 326, 327, 332, 333, 334, 335, 336,
13, 15, 23, 460, 461, 464, 470, 472, 474, 481, 483, 489, 490, 494, 495, 502, 522, 527, 536, 540,
560, 563, 565, 566, 569, 573, 576, 577, 579, 583, 588, 592, 594, 598, 599,
601, 603, 604, 606, 609, 612, 615, 616, 617, 618, 619, 621, 623, 636, 640,
642, 644, 645, 646, 650, 651, 652, 653, 657, 658, 660, 661, 662, 663, 665,
666, 667, 668, 669, 670, 671, 672, 675, 678, 679, 690, 691, 692, 697, 698,
807, 808, 809, 812, 815, 816, 817, 818, 819, 820, 821, 822, 823, 824, 825,
826, 827, 828, 829, 830, 835, 836, 838, 839, 840, 843, 845, 846, 847, 848,
849, 850, 851, 852, 853, 854, 855, 856, 857, 858, 859, 860, 861, 862, 863, 864, 865, 866, 867, 868,
869, 873, 874, 875, 876, 877, 878, 879, 880, 881, 882, 883, 886, 887, 889, 890, 891, 892, 893, 894,
895, 897, 898, 899, 900, 901, 902, 903, 904, 905, 908, 909, 911, 912, 913, 915, 916, 918, 920, 921,
922, 924, 925, 926, 927, 928, 931, 932, 933, 935,
3, 24, 237, 936, 937, 938, 939, 940, 941, 942, 943, 944, 945, 946, 948, 949, 950, 951, 952, 953, 954,
955, 956, 957, 958, 959, 960, 961, 962, 963, 964, 965, 966, 967, 968, 969, 970, 971, 972, 977, 978,
979, 980, 981, 982, 983, 984, 987, 988, 989,
434, 435, 436, 437, 438, 439, 440, 441, 442, 443, 444, 445, 446, 447, 448, 449, 450, 451, 452, 453, 454, 456, 457, 458, 459,
